function ids = getLSPWrongAnnoTrainImages()
ids = [28 193 348 370 587 711 795 809 838];
end
